"id","text","created_at","did_report_as_spam","owner.id","owner.is_verified","owner.profile_pic_url","owner.username","likes","comments"
"17876545168742073","Gidochi",1595625926,false,"1558298847",false,"https://scontent-ort2-1.cdninstagram.com/v/t51.2885-19/s150x150/91817540_1948645208594061_6618171924528758784_n.jpg?_nc_ht=scontent-ort2-1.cdninstagram.com&_nc_ohc=UycSZSueVwoAX-tXWNp&oh=bca7ca7adb7f27694061a05e1976d7d4&oe=5F4676C0","diddy__gh",0,0
"17848653710240116","Gidochi",1595625934,false,"1558298847",false,"https://scontent-ort2-1.cdninstagram.com/v/t51.2885-19/s150x150/91817540_1948645208594061_6618171924528758784_n.jpg?_nc_ht=scontent-ort2-1.cdninstagram.com&_nc_ohc=UycSZSueVwoAX-tXWNp&oh=bca7ca7adb7f27694061a05e1976d7d4&oe=5F4676C0","diddy__gh",0,0