"id","text","created_at","did_report_as_spam","owner.id","owner.is_verified","owner.profile_pic_url","owner.username","likes","comments"
"18072659137214110","❤️",1595622315,false,"39432024706",false,"https://scontent-ort2-1.cdninstagram.com/v/t51.2885-19/s150x150/108990651_985934751857189_511398848202734767_n.jpg?_nc_ht=scontent-ort2-1.cdninstagram.com&_nc_ohc=MY-joXezc9gAX9GEj5g&oh=8e6587d2d756e964a74900ea62a2c02b&oe=5F43EF7A","onilenla2020",0,0
"17866825564934111","🔥🔥",1595622324,false,"3670286967",false,"https://scontent-ort2-1.cdninstagram.com/v/t51.2885-19/s150x150/43984357_204650220467338_1042530365379444736_n.jpg?_nc_ht=scontent-ort2-1.cdninstagram.com&_nc_ohc=bz3KtlYWr_sAX-Jn7LH&oh=f30ec54b2ced187f720116f5d68dd515&oe=5F43DCF9","sancee_official",0,0
"17881965838716586","@youngnikgram",1595622324,false,"26047815251",false,"https://scontent-ort2-1.cdninstagram.com/v/t51.2885-19/s150x150/78847786_581969492634610_5364770128183427072_n.jpg?_nc_ht=scontent-ort2-1.cdninstagram.com&_nc_ohc=AnJtO5f_y3oAX8lP6nd&oh=48b801ef4f20181b25b70fe0b616352e&oe=5F42D25B","dauda7242",0,0
"17869666735861115","❤️🙌",1595622335,false,"1640127886",false,"https://scontent-ort2-1.cdninstagram.com/v/t51.2885-19/s150x150/33471685_644761339191784_8768292274426609664_n.jpg?_nc_ht=scontent-ort2-1.cdninstagram.com&_nc_ohc=SKfUBMUmLQsAX9M5TkH&oh=9b9fc6c9f1332599b513cf3437b96cda&oe=5F44B7BB","abdulsalamolayiwola",0,0
"18017946400287500","@youngnikgram",1595622339,false,"23329007340",false,"https://scontent-ort2-1.cdninstagram.com/v/t51.2885-19/s150x150/94878036_488498405201823_8228488625612914688_n.jpg?_nc_ht=scontent-ort2-1.cdninstagram.com&_nc_ohc=3ySMLXX5Y1AAX_TY4gP&oh=da0473c1d22cde232744cba5ddb40cfc&oe=5F449713","harrisonopus",0,0
"17902152208501909","👏👏👏",1595622347,false,"39229440598",false,"https://scontent-ort2-1.cdninstagram.com/v/t51.2885-19/s150x150/109074686_300803814376718_5245840132746264323_n.jpg?_nc_ht=scontent-ort2-1.cdninstagram.com&_nc_ohc=LW-FEuKv5FgAX_wGpwK&oh=4aebaca91b638f5defa40ff873e26c5f&oe=5F443270","marindasmith54",0,0
"18108482029144298","@youngnikgram",1595622360,false,"33533214796",false,"https://scontent-ort2-1.cdninstagram.com/v/t51.2885-19/s150x150/94353914_278700363293272_7397446057661038592_n.jpg?_nc_ht=scontent-ort2-1.cdninstagram.com&_nc_ohc=NWIJYMNiyNoAX8aIMDu&oh=f21301ffa7dc9605363544cb961cc5ed&oe=5F466C37","oyetunde001",0,0